259234944524615681
432485272241045504
259234944524615681
259234944524615681
259234944524615681
259234944524615681
432485272241045504
259234944524615681
432485272241045504
259234944524615681
259234944524615681
259234944524615681
432485272241045504
259234944524615681
516313738588979210
516313738588979210
516313738588979210
516313738588979210
432485272241045504
432485272241045504
516313738588979210
516313738588979210
516313738588979210
259234944524615681
259234944524615681
259234944524615681
259234944524615681
432485272241045504
516313738588979210
259234944524615681
259234944524615681
432485272241045504
516313738588979210
259234944524615681
516313738588979210
516313738588979210
259234944524615681
516313738588979210
432485272241045504
259234944524615681
259234944524615681
432485272241045504
516313738588979210
213117022203019266
213117022203019266
516313738588979210
213117022203019266
516313738588979210
213117022203019266
213117022203019266
516313738588979210
213117022203019266
432485272241045504
516313738588979210
213117022203019266
516313738588979210
516313738588979210
213117022203019266
516313738588979210
516313738588979210
432485272241045504
222479899808628736
516313738588979210
222479899808628736
516313738588979210
213117022203019266
516313738588979210
516313738588979210
432485272241045504
516313738588979210
213117022203019266
432485272241045504
709011562941382686
516313738588979210
516313738588979210
213117022203019266
516313738588979210
222479899808628736
516313738588979210
222479899808628736
222479899808628736
213117022203019266
222479899808628736
516313738588979210
516313738588979210
516313738588979210
516313738588979210
434798928005955595
516313738588979210
516313738588979210
516313738588979210
434798928005955595
434798928005955595
516313738588979210
434798928005955595
516313738588979210
434798928005955595
516313738588979210
516313738588979210
516313738588979210
434798928005955595
434798928005955595
434798928005955595
434798928005955595
516313738588979210
434798928005955595
434798928005955595
516313738588979210
434798928005955595
434798928005955595
432485272241045504
516313738588979210
432485272241045504
516313738588979210
432485272241045504
432485272241045504
516313738588979210
516313738588979210
516313738588979210
516313738588979210
516313738588979210
259234944524615681
516313738588979210
516313738588979210
259234944524615681
516313738588979210
213117022203019266
259234944524615681
299542858300391424
432485272241045504
432485272241045504
516313738588979210
516313738588979210
259234944524615681
259234944524615681
516313738588979210
259234944524615681
516313738588979210
259234944524615681
709011562941382686
259234944524615681
709011562941382686
709011562941382686
259234944524615681
657221493121482802
516313738588979210
516313738588979210
516313738588979210
709011562941382686
709011562941382686
709011562941382686
516313738588979210
657221493121482802
657221493121482802
709011562941382686
516313738588979210
516313738588979210
516313738588979210
516313738588979210
432485272241045504
516313738588979210
516313738588979210
396441108995112970
396441108995112970
516313738588979210
222479899808628736
635665265266524180
222479899808628736
516313738588979210
516313738588979210
657221493121482802
516313738588979210
709011562941382686
396441108995112970
396441108995112970
396441108995112970
396441108995112970
709011562941382686
516313738588979210
709011562941382686
213117022203019266
709011562941382686
516313738588979210
709011562941382686
516313738588979210
709011562941382686
516313738588979210
516313738588979210
709011562941382686
516313738588979210
709011562941382686
516313738588979210
516313738588979210
709011562941382686
434798928005955595
213117022203019266
516313738588979210
709011562941382686
213117022203019266
516313738588979210
516313738588979210
595603476772290575
657221493121482802
213117022203019266
213117022203019266
516313738588979210
213117022203019266
657221493121482802
516313738588979210
595603476772290575
213117022203019266
657221493121482802
516313738588979210
516313738588979210
516313738588979210
516313738588979210
516313738588979210
516313738588979210
516313738588979210
396441108995112970
516313738588979210
516313738588979210
213117022203019266
213117022203019266
657221493121482802
595603476772290575
516313738588979210
176355009443659776
176355009443659776
213117022203019266
434798928005955595
176355009443659776
299542858300391424
516313738588979210
516313738588979210
516313738588979210
516313738588979210
176355009443659776
516313738588979210
595603476772290575
299542858300391424
516313738588979210
434798928005955595
516313738588979210
299542858300391424
434798928005955595
299542858300391424
176355009443659776
299542858300391424
516313738588979210
176355009443659776
299542858300391424
516313738588979210
176355009443659776
516313738588979210
176355009443659776
299542858300391424
516313738588979210
516313738588979210
176355009443659776
516313738588979210
176355009443659776
516313738588979210
176355009443659776
176355009443659776
516313738588979210
516313738588979210
516313738588979210
434798928005955595
434798928005955595
432485272241045504
222479899808628736
222479899808628736
222479899808628736
432485272241045504
432485272241045504
432485272241045504
432485272241045504
222479899808628736
432485272241045504
222479899808628736
432485272241045504
222479899808628736
222479899808628736
432485272241045504
516313738588979210
222479899808628736
432485272241045504
432485272241045504
222479899808628736
432485272241045504
222479899808628736
432485272241045504
222479899808628736
222479899808628736
432485272241045504
516313738588979210
176355009443659776
213117022203019266
432485272241045504
516313738588979210
213117022203019266
176355009443659776
222479899808628736
222479899808628736
516313738588979210
516313738588979210
396441108995112970
176355009443659776
432485272241045504
516313738588979210
176355009443659776
516313738588979210
432485272241045504
516313738588979210
432485272241045504
396441108995112970
396441108995112970
432485272241045504
657221493121482802
516313738588979210
299542858300391424
222479899808628736
222479899808628736
213117022203019266
299542858300391424
213117022203019266
213117022203019266
213117022203019266
