38177 516313738588979210
34768 434798928005955595
17773 299542858300391424
15061 709011562941382686
14057 432485272241045504
14010 475476960164839426
13418 540371757769424921
13056 706849640552595506
12786 193144180455899136
12770 758038618521600011
12242 396441108995112970
11757 533736043736858627
11265 347811547676016662
10554 261594460851273730
9447 332501531528003584
9349 456226577798135808
9250 278421477471158273
9168 222479899808628736
8848 617461281733083250
6885 292854174658461698
6361 539665656761679883
5847 510757842505039872
5720 91719397395136512
5700 259234944524615681
5621 498582272212074516
5081 202306363580219393
4870 653011387806646294
4644 176355009443659776
4582 543871424188907544
4204 235088799074484224
4177 213117022203019266
4124 302050872383242240
4025 327657310442749963
3773 296749220080386059
3753 177976759583506433
3595 265973276398845962
3553 613630719960416269
3403 444621379564994560
3126 386922883231907841
2994 522779027149291540
2891 740958933853798411
2837 222376675017621504
2767 559297387705794598
2574 751187885172195488
2463 648312904940257281
2389 657722704161669120
2185 540265151991906332
2156 156954396373024768
2140 657221493121482802
2110 327664207183085569
2008 214852868837081089
1882 208542897543315456
1852 308993080927846400
1762 693055707565785108
1745 468514325049638912
1717 469992777166618629
1578 507641161389703178
1572 663735042475950111
1517 432674671046033418
1443 515602118313246735
1374 773254847888621629
1344 302268767415697408
1341 349229228623003648
1332 612121205603958794
1235 766014315228168244
1228 338358571484053506
1219 806928924331868180
1102 788474144290242604
982 575047744566067210
902 691058723551969362
869 527535207364952067
840 522170776850399273
827 226846619314683905
805 401874680321015818
803 428215168028377109
794 755580145078632508
784 621103633853054987
770 159985870458322944
748 693341924622467074
698 539567625567600642
682 235148962103951360
681 569144793951895563
669 795102222509146122
650 146108454841352192
626 462383129500450826
616 449600974365917195
613 305935207536787460
612 144143682919071744
604 444537905919164428
585 305715495133511681
541 204255221017214977
530 597305501117579264
502 601041954981019678
501 172002275412279296
488 715015581031727146
487 369805962300620801
486 662875457347387392
455 464441107007406081
454 409554778306248704
439 269552591367700480
435 252128902418268161
429 801176326039011359
416 419679557487034368
408 796908981791621131
397 155149108183695360
381 565082069726658580
363 181077302334062592
358 329080833531052042
345 491769129318088714
340 769963453603250189
339 649348557954088960
329 445973033308651540
327 816050949399248906
320 189441534238785538
318 146463242862985216
307 383670137326141440
305 696517486983643196
288 284900479820103701
277 716544812433801226
272 578778221131202562
271 755658017889976370
269 736316983796039763
265 252457335308550146
261 92438871681269760
257 725883384127029278
257 652648571363000320
257 651068724304019506
248 506968571449180170
247 478744735041978368
246 184040294851936256
245 701804706082717707
245 633742556227829772
240 589751534753939457
239 163296803372924928
238 572327928856313859
237 664655941823889410
231 569296267549605899
230 738773878016311318
230 564297045599322122
228 750342983542374410
227 585475979581980693
222 444273924587388978
221 202619615069601802
217 335663299871899659
216 612120069299765288
209 779327825429004329
209 637907131265450004
206 85147068900847616
206 795702656307953754
201 663134164496809994
201 362795545271468042
200 651281254867795979
196 661042407701217282
196 526500646925631510
196 292825090591293450
195 752690471322779828
195 652292085302558778
194 329769931702796297
193 388031924511440898
193 296015380470824960
192 712885114874494987
190 619008689097015306
184 263509688069521408
181 737539715854761994
178 801921862392610877
178 643311066872545299
175 676470366025285632
174 667953328600383499
174 654821291634720778
173 695133672592113706
171 690320974926970881
170 549653439538266131
167 702731495134986261
163 401573088556351488
161 762792525614284861
161 184889308832989185
159 510146848426819602
159 213497002548396032
158 589055209989472256
157 408785106942164992
156 261596359373750272
155 406877731708600331
154 269843704079056898
145 738066089828941855
145 671221886386044938
145 394178503731314719
144 716108600136958052
144 595110894908735489
144 493833060316479494
134 771298856004223007
134 734794263967301753
132 793290549460598815
132 762923798550544415
131 656149532689563658
130 609477593930006552
129 659973930441900070
129 376754175071092766
127 471542070817849355
125 533759849037561856
124 436607597899153428
124 300695874844229632
123 691379323310964777
123 300436263805255682
122 444498833653760011
121 731357407673843752
118 726446051057467493
117 780201224850898944
117 495049091168993280
116 388519445930442755
116 324313691141046273
115 357508092553854978
114 419615057312481290
112 464562692653449217
112 288332951958323200
111 638052425890005002
110 348955701311307776
110 164461314876375041
109 790623565862404186
108 496365584313876504
107 497048142848720897
102 681706521582895111
102 598199070569398294
101 702986438853001298
101 559395241229156382
101 343057699258368010
100 625156908210192395
100 540627008674070539
99 558561482401644545
98 722582824439251054
93 717613247145967616
93 500154762742988820
93 181244051255721984
90 462998270671847445
89 700514745752748133
88 769624586122690590
87 799410612333182996
87 326103341379878923
86 803876869493489706
86 588944217271959554
85 621571752895447091
84 371957622674554882
82 427265065427664906
82 361298542360264705
81 798686751274434580
81 550613223733329920
81 260868733784948746
81 219204821780004866
79 761295480935677962
78 681531347583631444
77 766721119784009738
77 140975081495986176
76 335668856465129473
75 750082688676790272
75 619565354175299626
74 821012679816249424
74 406072622330281985
73 714009001464954902
73 537459614766333953
73 404834854543425537
71 726640561733238804
71 288021317402230804
70 244880334104166400
69 724649658277691503
68 752993671154237570
68 633007338583883816
68 569359888820469760
68 466378653216014359
67 716419161588367413
65 347091304162787328
64 394946607717548032
63 733890760453259324
63 221419522677014528
61 765150238688149526
61 345383972987207691
60 429149430671736833
59 717218182657736704
59 641906654333370399
58 714497194429906945
58 371348898444345344
57 695460735223857212
57 477471398260899850
57 284913040074473472
56 788992048992354315
55 667699560067629056
55 606762624146997249
55 376065382341017610
55 345202669025099776
54 339069609715957760
53 752679543994843186
53 634563746404106240
52 395187828662992906
51 739918886685900861
51 398568858052460544
51 300112207939895304
50 677022428668624896
50 541661333607940126
50 469749844337229845
50 264956904395112450
49 707704704716767274
49 592492689329750028
49 464649160453521420
48 743442644109099038
47 776737054699683850
47 718150356978368572
47 649604306596528138
47 196370192798973954
46 802263405108133930
46 701925254066339920
46 638702267431780362
46 637462059331878962
46 555120528088760321
46 534160230272204806
46 394933466682228787
46 222581161216573442
45 486012903217168405
45 367148852903673856
45 336554593339310083
44 763334323612155914
44 750023718083887154
44 659883480620072972
44 326530648338595840
43 750609780137132093
43 747945275913535669
43 626580502933012489
43 598873320573894663
43 595603476772290575
43 150461681611309056
41 95807737455202304
41 757647366403784864
41 694998958530887710
40 95164972807487488
40 815355939561537589
40 813939776230785065
40 784237295288188980
40 765788527220097035
40 717217561665601577
40 694992314095108167
40 448699506419040256
39 763541605739134997
39 721025182017257474
39 635665265266524180
39 597551657395552270
39 283256382596055045
39 251678413574635520
39 138380375528439811
39 138366996453654528
38 730245809236607008
38 663614814853136384
38 638037972142391338
38 424702534523944983
38 292853024815316993
38 235573716203864065
38 235382165922119690
37 771179086382628865
37 758464592690544662
37 645328647317749781
37 590534313653567498
37 521122473937469472
36 742524642581020794
36 551423996768550932
36 429748592840802305
36 138119132519333888
35 665546686684463114
35 457370667956961291
35 404982890825252866
35 270375445516517386
34 714496771857973289
33 659605986230665257
33 506399406115782657
32 809893973534834769
32 806841564131360788
32 764858688388202498
32 683101155819126814
32 586539411064487937
32 502534804688994314
32 312797486941077525
31 779423604248018964
31 738300731693596715
31 553619333704712202
31 329772561040801803
30 700740877814988801
30 642963681390362635
30 634765536101793843
30 342330253835763712
30 305182925438320640
29 820185756001107978
29 801756879624994849
29 721815902278123571
29 694573993906143262
29 673743414323314741
29 649570991676194826
29 628240327681245194
29 497133503905923083
28 744544478047633468
28 397810599695745026
27 796997767759134720
27 679770231257694221
27 575252931952115713
27 273160565105623041
26 812152710705971241
26 644148871781416961
26 616005245079912449
26 580385915373879336
26 471091072546766849
26 131542493656252416
25 731809800874229830
25 723226930647662673
25 425405153005273089
25 135804568326897666
24 813068354474475521
24 804765749793128488
24 803714794355818557
24 767970992353181716
24 767599293917429790
24 617752172867878954
24 518272722170806273
24 332914819956998145
24 211511908833034240
23 817403442581995560
23 770948588234735626
23 768248671976292353
23 716423174430130216
23 711317485437190248
23 702206185767436339
23 567899140802215937
23 250444315405451274
23 229141308541763587
22 820147500802375680
22 805382002727452713
22 790325167246671894
22 719946064165076994
22 696154833530519602
22 557628352828014614
22 518129912251416600
22 511612155712241669
22 303334197051916288
22 205385233414094851
21 806079818952736798
21 735932695435280435
21 444118755266527244
21 373563946311090179
21 345720272919330816
21 327416415407833088
21 245675252821000193
21 185722862269628416
20 782893318598164521
20 730854820629577829
20 727597890117173319
20 726082276168826888
20 332346254619312138
20 277537020006629377
19 778788848146055169
19 775424928123584552
19 737242764810518638
19 707938190077591644
19 696913740863373353
19 652749234587566083
19 581882575044214795
19 462022006737600533
19 457618962080071701
19 364069340267544579
19 344663674012565504
19 307653536534102017
18 814024135076347915
18 761378560661127169
18 717176240624369694
18 530123720707276810
18 508790451713605632
18 502787113046114304
18 474208410657751081
18 370652532537688074
18 212199661803405312
17 812751604116619274
17 753986040187846817
17 709800338709938197
17 690688477360029708
17 689160597601779852
17 688788251976269862
17 675808112527015969
17 544448055701929984
17 417418304806977565
17 263805727951421440
17 100056451552133120
16 809255225147916298
16 736651733870051359
16 663927660241616897
16 566020363029315588
16 525849161673998349
16 443589159525810197
16 443274115982426114
16 331264693731852289
16 272513920760283137
15 86454399861268480
15 816020383706120192
15 809964602988429343
15 792254368741195797
15 786595974965231618
15 771913446588940288
15 723328973924466765
15 717605128886157412
15 512442510346289155
15 324186640912351234
15 319976180398686230
14 806339809869824040
14 802801295580856370
14 762256775944339508
14 758456075942625320
14 751909299529187378
14 749966796949291038
14 711003976685977640
14 345697354348888064
14 210385228311560192
13 797550916030431242
13 779487827499024395
13 768534891154374768
13 767471357733896192
13 747647488894435399
13 733151831664099348
13 731690401865662566
13 642726974175051776
13 642081040755851284
13 487479501366886410
13 398981835121754124
13 387216796958326785
13 369875250445418497
13 345989239848042498
13 233066965814607872
13 231554501876776961
12 815578895868362772
12 808514200929304587
12 798251242240344144
12 741066646289907714
12 697112639003689094
12 695749039395700749
12 640440149498658816
12 594959378193317889
12 524969246049042433
12 499591734859399178
12 404455777059995652
12 369991121583210497
12 349920059549941761
12 343709237911879690
12 325083947841355776
12 295561615703539726
12 291414826637328384
12 211830670723383296
11 806183550540841010
11 788086085166170153
11 758544154510491679
11 723750655381995520
11 697109187083370497
11 685205618113380413
11 572184850337890314
11 511211560643985410
11 474795953816076291
11 463809776892117012
11 412660772787978251
11 361594168058839040
11 335641934653685770
11 326896290321399821
11 310111460988551178
11 301055635674497025
11 278276606819172362
11 142013625928777728
10 791322908592832532
10 788937297453121546
10 766584536761892905
10 765033563279327253
10 752669376150372352
10 727889038933098515
10 722855200393658500
10 718124316432269353
10 663568510957518848
10 651418122170925067
10 611556445493657600
10 543810777920831509
10 531922602395041812
10 475735200391757825
10 455468467949404180
10 408993722701709332
10 318785844934868992
10 313091694096547842
10 298877832707309568
10 297862079690440707
10 288537973941600257
10 286069805578977280
